{
 "cells": [
  {
   "cell_type": "code",
   "execution_count": 52,
   "metadata": {},
   "outputs": [
    {
     "name": "stdout",
     "output_type": "stream",
     "text": [
      "<class 'numpy.ndarray'>\n",
      "[6.   5.4  7.6  6.1  6.04 8.3 ]\n"
     ]
    }
   ],
   "source": [
    "#generate a matrix \n",
    "\n",
    "import numpy as np\n",
    "\n",
    "height_list = [6.0, 5.4, 7.6, 6.1,6.04, 8.3]\n",
    "\n",
    "#convert to numpy array \n",
    "\n",
    "height_array = np.array(height_list)\n",
    "\n",
    "print (type(height_array))\n",
    "print (height_array)\n"
   ]
  },
  {
   "cell_type": "code",
   "execution_count": 53,
   "metadata": {},
   "outputs": [
    {
     "data": {
      "text/plain": [
       "array([[ 8070450532247928832,  8070450532247928832,                    8,\n",
       "                           0,                    0],\n",
       "       [                   0,                    0,                    0,\n",
       "                           0,                    0],\n",
       "       [                   0,                    0,                    0,\n",
       "            -140294792513145, -3458755745396030046]])"
      ]
     },
     "execution_count": 53,
     "metadata": {},
     "output_type": "execute_result"
    }
   ],
   "source": [
    "#create an matrix between 1 and 100\n",
    "\n",
    "np.ndarray (shape=(3,5), dtype =int)"
   ]
  },
  {
   "cell_type": "code",
   "execution_count": 19,
   "metadata": {},
   "outputs": [
    {
     "data": {
      "text/plain": [
       "array([  1,   2,   3,   4,   5,   6,   7,   8,   9,  10,  11,  12,  13,\n",
       "        14,  15,  16,  17,  18,  19,  20,  21,  22,  23,  24,  25,  26,\n",
       "        27,  28,  29,  30,  31,  32,  33,  34,  35,  36,  37,  38,  39,\n",
       "        40,  41,  42,  43,  44,  45,  46,  47,  48,  49,  50,  51,  52,\n",
       "        53,  54,  55,  56,  57,  58,  59,  60,  61,  62,  63,  64,  65,\n",
       "        66,  67,  68,  69,  70,  71,  72,  73,  74,  75,  76,  77,  78,\n",
       "        79,  80,  81,  82,  83,  84,  85,  86,  87,  88,  89,  90,  91,\n",
       "        92,  93,  94,  95,  96,  97,  98,  99, 100])"
      ]
     },
     "execution_count": 19,
     "metadata": {},
     "output_type": "execute_result"
    }
   ],
   "source": [
    "x= np.arange(1,101)"
   ]
  },
  {
   "cell_type": "code",
   "execution_count": 22,
   "metadata": {},
   "outputs": [
    {
     "data": {
      "text/plain": [
       "array([[  1,   2,   3,   4,   5],\n",
       "       [  6,   7,   8,   9,  10],\n",
       "       [ 11,  12,  13,  14,  15],\n",
       "       [ 16,  17,  18,  19,  20],\n",
       "       [ 21,  22,  23,  24,  25],\n",
       "       [ 26,  27,  28,  29,  30],\n",
       "       [ 31,  32,  33,  34,  35],\n",
       "       [ 36,  37,  38,  39,  40],\n",
       "       [ 41,  42,  43,  44,  45],\n",
       "       [ 46,  47,  48,  49,  50],\n",
       "       [ 51,  52,  53,  54,  55],\n",
       "       [ 56,  57,  58,  59,  60],\n",
       "       [ 61,  62,  63,  64,  65],\n",
       "       [ 66,  67,  68,  69,  70],\n",
       "       [ 71,  72,  73,  74,  75],\n",
       "       [ 76,  77,  78,  79,  80],\n",
       "       [ 81,  82,  83,  84,  85],\n",
       "       [ 86,  87,  88,  89,  90],\n",
       "       [ 91,  92,  93,  94,  95],\n",
       "       [ 96,  97,  98,  99, 100]])"
      ]
     },
     "execution_count": 22,
     "metadata": {},
     "output_type": "execute_result"
    }
   ],
   "source": [
    "x= np.arange(1,101)\n",
    "\n",
    "#resapre the array to 20 rows and 5 columns (20x5 matrix)\n",
    "np.reshape(x, (20,5))\n",
    "\n",
    "#"
   ]
  },
  {
   "cell_type": "code",
   "execution_count": 28,
   "metadata": {},
   "outputs": [
    {
     "name": "stdout",
     "output_type": "stream",
     "text": [
      "[-49 -48 -47 -46 -45 -44 -43 -42 -41 -40 -39 -38 -37 -36 -35 -34 -33 -32\n",
      " -31 -30 -29 -28 -27 -26 -25 -24 -23 -22 -21 -20 -19 -18 -17 -16 -15 -14\n",
      " -13 -12 -11 -10  -9  -8  -7  -6  -5  -4  -3  -2  -1   0   1   2   3   4\n",
      "   5   6   7   8   9  10  11  12  13  14  15  16  17  18  19  20  21  22\n",
      "  23  24  25  26  27  28  29  30  31  32  33  34  35  36  37  38  39  40\n",
      "  41  42  43  44  45  46  47  48  49  50]\n"
     ]
    }
   ],
   "source": [
    "math1= np.arange(1,101)\n",
    "\n",
    "#resapre the array to 20 rows and 5 columns (20x5 matrix)\n",
    "np.reshape(math1, (20,5))\n",
    "\n",
    "#subtract 50 from matrix \n",
    "\n",
    "math1 = math1 -50\n",
    "np.reshape(math1, (20,5))\n",
    "\n",
    "print (math1)"
   ]
  },
  {
   "cell_type": "code",
   "execution_count": 40,
   "metadata": {},
   "outputs": [
    {
     "name": "stdout",
     "output_type": "stream",
     "text": [
      "[[-49 -48 -47 -46 -45]\n",
      " [-44 -43 -42 -41 -40]\n",
      " [-39 -38 -37 -36 -35]\n",
      " [-34 -33 -32 -31 -30]\n",
      " [-29 -28 -27 -26 -25]\n",
      " [-24 -23 -22 -21 -20]\n",
      " [-19 -18 -17 -16 -15]\n",
      " [-14 -13 -12 -11 -10]\n",
      " [ -9  -8  -7  -6  -5]\n",
      " [ -4  -3  -2  -1   0]\n",
      " [  1   2   3   4   5]\n",
      " [  6   7   8   9  10]\n",
      " [ 11  12  13  14  15]\n",
      " [ 16  17  18  19  20]\n",
      " [ 21  22  23  24  25]\n",
      " [ 26  27  28  29  30]\n",
      " [ 31  32  33  34  35]\n",
      " [ 36  37  38  39  40]\n",
      " [ 41  42  43  44  45]\n",
      " [ 46  47  48  49  50]]\n"
     ]
    }
   ],
   "source": [
    "#addition\n",
    "\n",
    "logo = np.arange(1,101).reshape(20,5)\n",
    "logo = logo -50\n",
    "print (logo)"
   ]
  },
  {
   "cell_type": "code",
   "execution_count": 44,
   "metadata": {},
   "outputs": [
    {
     "data": {
      "text/plain": [
       "array([[ 11055,   9880,   8705,   7530,   6355,   5180,   4005,   2830,\n",
       "          1655,    480,   -695,  -1870,  -3045,  -4220,  -5395,  -6570,\n",
       "         -7745,  -8920, -10095, -11270],\n",
       "       [  9880,   8830,   7780,   6730,   5680,   4630,   3580,   2530,\n",
       "          1480,    430,   -620,  -1670,  -2720,  -3770,  -4820,  -5870,\n",
       "         -6920,  -7970,  -9020, -10070],\n",
       "       [  8705,   7780,   6855,   5930,   5005,   4080,   3155,   2230,\n",
       "          1305,    380,   -545,  -1470,  -2395,  -3320,  -4245,  -5170,\n",
       "         -6095,  -7020,  -7945,  -8870],\n",
       "       [  7530,   6730,   5930,   5130,   4330,   3530,   2730,   1930,\n",
       "          1130,    330,   -470,  -1270,  -2070,  -2870,  -3670,  -4470,\n",
       "         -5270,  -6070,  -6870,  -7670],\n",
       "       [  6355,   5680,   5005,   4330,   3655,   2980,   2305,   1630,\n",
       "           955,    280,   -395,  -1070,  -1745,  -2420,  -3095,  -3770,\n",
       "         -4445,  -5120,  -5795,  -6470],\n",
       "       [  5180,   4630,   4080,   3530,   2980,   2430,   1880,   1330,\n",
       "           780,    230,   -320,   -870,  -1420,  -1970,  -2520,  -3070,\n",
       "         -3620,  -4170,  -4720,  -5270],\n",
       "       [  4005,   3580,   3155,   2730,   2305,   1880,   1455,   1030,\n",
       "           605,    180,   -245,   -670,  -1095,  -1520,  -1945,  -2370,\n",
       "         -2795,  -3220,  -3645,  -4070],\n",
       "       [  2830,   2530,   2230,   1930,   1630,   1330,   1030,    730,\n",
       "           430,    130,   -170,   -470,   -770,  -1070,  -1370,  -1670,\n",
       "         -1970,  -2270,  -2570,  -2870],\n",
       "       [  1655,   1480,   1305,   1130,    955,    780,    605,    430,\n",
       "           255,     80,    -95,   -270,   -445,   -620,   -795,   -970,\n",
       "         -1145,  -1320,  -1495,  -1670],\n",
       "       [   480,    430,    380,    330,    280,    230,    180,    130,\n",
       "            80,     30,    -20,    -70,   -120,   -170,   -220,   -270,\n",
       "          -320,   -370,   -420,   -470],\n",
       "       [  -695,   -620,   -545,   -470,   -395,   -320,   -245,   -170,\n",
       "           -95,    -20,     55,    130,    205,    280,    355,    430,\n",
       "           505,    580,    655,    730],\n",
       "       [ -1870,  -1670,  -1470,  -1270,  -1070,   -870,   -670,   -470,\n",
       "          -270,    -70,    130,    330,    530,    730,    930,   1130,\n",
       "          1330,   1530,   1730,   1930],\n",
       "       [ -3045,  -2720,  -2395,  -2070,  -1745,  -1420,  -1095,   -770,\n",
       "          -445,   -120,    205,    530,    855,   1180,   1505,   1830,\n",
       "          2155,   2480,   2805,   3130],\n",
       "       [ -4220,  -3770,  -3320,  -2870,  -2420,  -1970,  -1520,  -1070,\n",
       "          -620,   -170,    280,    730,   1180,   1630,   2080,   2530,\n",
       "          2980,   3430,   3880,   4330],\n",
       "       [ -5395,  -4820,  -4245,  -3670,  -3095,  -2520,  -1945,  -1370,\n",
       "          -795,   -220,    355,    930,   1505,   2080,   2655,   3230,\n",
       "          3805,   4380,   4955,   5530],\n",
       "       [ -6570,  -5870,  -5170,  -4470,  -3770,  -3070,  -2370,  -1670,\n",
       "          -970,   -270,    430,   1130,   1830,   2530,   3230,   3930,\n",
       "          4630,   5330,   6030,   6730],\n",
       "       [ -7745,  -6920,  -6095,  -5270,  -4445,  -3620,  -2795,  -1970,\n",
       "         -1145,   -320,    505,   1330,   2155,   2980,   3805,   4630,\n",
       "          5455,   6280,   7105,   7930],\n",
       "       [ -8920,  -7970,  -7020,  -6070,  -5120,  -4170,  -3220,  -2270,\n",
       "         -1320,   -370,    580,   1530,   2480,   3430,   4380,   5330,\n",
       "          6280,   7230,   8180,   9130],\n",
       "       [-10095,  -9020,  -7945,  -6870,  -5795,  -4720,  -3645,  -2570,\n",
       "         -1495,   -420,    655,   1730,   2805,   3880,   4955,   6030,\n",
       "          7105,   8180,   9255,  10330],\n",
       "       [-11270, -10070,  -8870,  -7670,  -6470,  -5270,  -4070,  -2870,\n",
       "         -1670,   -470,    730,   1930,   3130,   4330,   5530,   6730,\n",
       "          7930,   9130,  10330,  11530]])"
      ]
     },
     "execution_count": 44,
     "metadata": {},
     "output_type": "execute_result"
    }
   ],
   "source": [
    "np.dot(logo, logo.T)"
   ]
  },
  {
   "cell_type": "code",
   "execution_count": 36,
   "metadata": {},
   "outputs": [
    {
     "data": {
      "text/plain": [
       "array([[-490, -480, -470, -460, -450],\n",
       "       [-440, -430, -420, -410, -400],\n",
       "       [-390, -380, -370, -360, -350],\n",
       "       [-340, -330, -320, -310, -300],\n",
       "       [-290, -280, -270, -260, -250],\n",
       "       [-240, -230, -220, -210, -200],\n",
       "       [-190, -180, -170, -160, -150],\n",
       "       [-140, -130, -120, -110, -100],\n",
       "       [ -90,  -80,  -70,  -60,  -50],\n",
       "       [ -40,  -30,  -20,  -10,    0],\n",
       "       [  10,   20,   30,   40,   50],\n",
       "       [  60,   70,   80,   90,  100],\n",
       "       [ 110,  120,  130,  140,  150],\n",
       "       [ 160,  170,  180,  190,  200],\n",
       "       [ 210,  220,  230,  240,  250],\n",
       "       [ 260,  270,  280,  290,  300],\n",
       "       [ 310,  320,  330,  340,  350],\n",
       "       [ 360,  370,  380,  390,  400],\n",
       "       [ 410,  420,  430,  440,  450],\n",
       "       [ 460,  470,  480,  490,  500]])"
      ]
     },
     "execution_count": 36,
     "metadata": {},
     "output_type": "execute_result"
    }
   ],
   "source": [
    "logo *10"
   ]
  },
  {
   "cell_type": "code",
   "execution_count": 55,
   "metadata": {},
   "outputs": [
    {
     "name": "stdout",
     "output_type": "stream",
     "text": [
      "[[5764801 5308416 4879681 4477456 4100625]\n",
      " [3748096 3418801 3111696 2825761 2560000]\n",
      " [2313441 2085136 1874161 1679616 1500625]\n",
      " [1336336 1185921 1048576  923521  810000]\n",
      " [ 707281  614656  531441  456976  390625]\n",
      " [ 331776  279841  234256  194481  160000]\n",
      " [ 130321  104976   83521   65536   50625]\n",
      " [  38416   28561   20736   14641   10000]\n",
      " [   6561    4096    2401    1296     625]\n",
      " [    256      81      16       1       0]\n",
      " [      1      16      81     256     625]\n",
      " [   1296    2401    4096    6561   10000]\n",
      " [  14641   20736   28561   38416   50625]\n",
      " [  65536   83521  104976  130321  160000]\n",
      " [ 194481  234256  279841  331776  390625]\n",
      " [ 456976  531441  614656  707281  810000]\n",
      " [ 923521 1048576 1185921 1336336 1500625]\n",
      " [1679616 1874161 2085136 2313441 2560000]\n",
      " [2825761 3111696 3418801 3748096 4100625]\n",
      " [4477456 4879681 5308416 5764801 6250000]]\n"
     ]
    }
   ],
   "source": [
    "logo = logo *logo\n",
    "print (logo)"
   ]
  },
  {
   "cell_type": "code",
   "execution_count": null,
   "metadata": {},
   "outputs": [],
   "source": []
  }
 ],
 "metadata": {
  "kernelspec": {
   "display_name": "Python 3",
   "language": "python",
   "name": "python3"
  },
  "language_info": {
   "codemirror_mode": {
    "name": "ipython",
    "version": 3
   },
   "file_extension": ".py",
   "mimetype": "text/x-python",
   "name": "python",
   "nbconvert_exporter": "python",
   "pygments_lexer": "ipython3",
   "version": "3.7.6"
  }
 },
 "nbformat": 4,
 "nbformat_minor": 4
}
